name: pr-book
channels:
  - bioconda
  - conda-forge
  - defaults
dependencies:
  - ca-certificates=2022.6.15=h5b45459_0
  - libsqlite=3.39.2=h8ffe710_1
  - openssl=3.0.5=h8ffe710_1
  - pip=22.2.2=pyhd8ed1ab_0
  - python=3.7.12=h900ac77_100_cpython
  - python_abi=3.7=2_cp37m
  - setuptools=65.3.0=py37h03978a9_0
  - sqlite=3.39.2=h8ffe710_1
  - ucrt=10.0.20348.0=h57928b3_0
  - vc=14.2=hb210afc_7
  - vs2015_runtime=14.29.30139=h890b9b1_7
  - wheel=0.37.1=pyhd8ed1ab_0
